
Leraning rate : 0.000010
Epoch : 9000
Batch size : 100
#Data size : 335
Cost : 170.935488
testdata = 
[[  49.]
 [   9.]
 [  25.]
 [   2.]
 [ 134.]
 [  42.]
 [   9.]
 [   8.]
 [  33.]
 [  38.]
 [  66.]
 [  74.]
 [  80.]
 [  40.]
 [  85.]
 [  79.]
 [  63.]
 [  80.]
 [  67.]
 [  59.]
 [  62.]
 [  74.]
 [  67.]
 [  72.]
 [ 111.]
 [  71.]
 [  57.]
 [ 132.]
 [  58.]
 [  92.]
 [  22.]
 [  18.]
 [  66.]
 [  71.]
 [  71.]
 [  75.]
 [  69.]
 [  64.]
 [ 112.]
 [  36.]
 [  62.]
 [  88.]
 [  21.]
 [  78.]
 [  70.]
 [ 163.]
 [  20.]
 [  58.]
 [  54.]
 [  28.]
 [  17.]
 [  19.]
 [  44.]
 [  61.]
 [  17.]
 [  69.]
 [  82.]
 [  68.]
 [  36.]
 [  71.]
 [  79.]
 [  94.]
 [  61.]
 [  69.]
 [  69.]
 [  83.]
 [  76.]]
prediction = 
[[ 53]
 [ 74]
 [ 59]
 [ 54]
 [133]
 [ 27]
 [ 25]
 [ 43]
 [ 40]
 [ 41]
 [ 68]
 [ 54]
 [ 53]
 [ 21]
 [ 72]
 [ 86]
 [ 56]
 [ 69]
 [ 61]
 [ 62]
 [ 63]
 [ 91]
 [ 59]
 [ 63]
 [110]
 [ 60]
 [ 23]
 [114]
 [ 54]
 [ 82]
 [ 27]
 [ 20]
 [ 28]
 [ 78]
 [ 67]
 [ 77]
 [ 82]
 [ 62]
 [113]
 [ 32]
 [ 70]
 [ 65]
 [ 21]
 [ 80]
 [ 35]
 [ 70]
 [ 21]
 [ 36]
 [ 20]
 [ 31]
 [ 16]
 [ 26]
 [ 23]
 [ 60]
 [ 12]
 [ 39]
 [ 68]
 [ 67]
 [ 30]
 [ 82]
 [ 82]
 [ 80]
 [ 59]
 [ 74]
 [ 74]
 [ 63]
 [ 61]]
Leraning rate : 0.000010
Epoch : 1000
Batch size : 100
#Data size : 335
Cost : 274.807434
testdata = 
[[  49.    9.   25.    2.  134.   42.    9.    8.   33.   38.   66.   74.
    80.   40.   85.   79.   63.   80.   67.   59.   62.   74.   67.   72.
   111.   71.   57.  132.   58.   92.   22.   18.   66.   71.   71.   75.
    69.   64.  112.   36.   62.   88.   21.   78.   70.  163.   20.   58.
    54.   28.   17.   19.   44.   61.   17.   69.   82.   68.   36.   71.
    79.   94.   61.   69.   69.   83.   76.]]
prediction = 
[[ 37   9  10   7 173   2   8  25  29  29  45  68  68  10  47  46  52  53
   47  43  56  77  75  75 125  35   7 121  50  65   5   8   6  50  58  66
   72  56 149  47  50  57   8  59   7  52   5  11   4   0   1   8   9  36
    6  25  68  45   2  52  86  58  31  54  54  27  54]]
Leraning rate : 0.000010
Epoch : 10000
Batch size : 100
#Data size : 335
Cost : 164.022015
testdata = 
[[  49.    9.   25.    2.  134.   42.    9.    8.   33.   38.   66.   74.
    80.   40.   85.   79.   63.   80.   67.   59.   62.   74.   67.   72.
   111.   71.   57.  132.   58.   92.   22.   18.   66.   71.   71.   75.
    69.   64.  112.   36.   62.   88.   21.   78.   70.  163.   20.   58.
    54.   28.   17.   19.   44.   61.   17.   69.   82.   68.   36.   71.
    79.   94.   61.   69.   69.   83.   76.]]
prediction = 
[[ 50  77  61  56 137  31  24  42  42  41  66  55  56  25  73  92  61  73
   65  65  65  95  64  69 118  60  29 122  58  85  28  25  34  78  67  80
   83  66 119  32  73  70  27  83  38  74  28  37  27  36  18  31  29  61
   15  42  71  67  31  89  90  86  58  77  77  64  65]]
Leraning rate : 0.000010
Epoch : 10000
Batch size : 100
#Data size : 335
Cost : 164.022015
testdata = 
[[  49.    9.   25.    2.  134.   42.    9.    8.   33.   38.   66.   74.
    80.   40.   85.   79.   63.   80.   67.   59.   62.   74.   67.   72.
   111.   71.   57.  132.   58.   92.   22.   18.   66.   71.   71.   75.
    69.   64.  112.   36.   62.   88.   21.   78.   70.  163.   20.   58.
    54.   28.   17.   19.   44.   61.   17.   69.   82.   68.   36.   71.
    79.   94.   61.   69.   69.   83.   76.]]
prediction = 
[[ 50  77  61  56 137  31  24  42  42  41  66  55  56  25  73  92  61  73
   65  65  65  95  64  69 118  60  29 122  58  85  28  25  34  78  67  80
   83  66 119  32  73  70  27  83  38  74  28  37  27  36  18  31  29  61
   15  42  71  67  31  89  90  86  58  77  77  64  65]]
testdata - prediction = 
Leraning rate : 0.000010
Epoch : 10000
Batch size : 100
#Data size : 335
Cost : 164.022015
testdata = 
[[  49.    9.   25.    2.  134.   42.    9.    8.   33.   38.   66.   74.
    80.   40.   85.   79.   63.   80.   67.   59.   62.   74.   67.   72.
   111.   71.   57.  132.   58.   92.   22.   18.   66.   71.   71.   75.
    69.   64.  112.   36.   62.   88.   21.   78.   70.  163.   20.   58.
    54.   28.   17.   19.   44.   61.   17.   69.   82.   68.   36.   71.
    79.   94.   61.   69.   69.   83.   76.]]
prediction = 
[[ 50  77  61  56 137  31  24  42  42  41  66  55  56  25  73  92  61  73
   65  65  65  95  64  69 118  60  29 122  58  85  28  25  34  78  67  80
   83  66 119  32  73  70  27  83  38  74  28  37  27  36  18  31  29  61
   15  42  71  67  31  89  90  86  58  77  77  64  65]]
testdata - prediction = 
[[ -1. -68. -36. -54.  -3.  11. -15. -34.  -9.  -3.   0.  19.  24.  15.
   12. -13.   2.   7.   2.  -6.  -3. -21.   3.   3.  -7.  11.  28.  10.
    0.   7.  -6.  -7.  32.  -7.   4.  -5. -14.  -2.  -7.   4. -11.  18.
   -6.  -5.  32.  89.  -8.  21.  27.  -8.  -1. -12.  15.   0.   2.  27.
   11.   1.   5. -18. -11.   8.   3.  -8.  -8.  19.  11.]]